Model,Inferences_Per_Sec,Avg_Latency_ms,P50_s,P90_s,Avg_CPU_Percent
fcos/fcos_288x384_2c.onnx,222.761,4.47838,0.00446215,0.00449034,25
fcos/fcos_480x640_2c.onnx,117.968,8.4637,0.00844417,0.0084975,49
fcos/fcos_160x160_2c.onnx,410.581,2.42549,0.00242324,0.00242971,24
fcos/fcos_128x128_2c.onnx,459.295,2.16709,0.00216267,0.00217289,24
fcos/fcos_96x128_2c.onnx,487.004,2.04331,0.0020407,0.00204969,24
fcos/fcos_192x256_2c.onnx,313.948,3.17483,0.0031689,0.0031797,24
fcos/fcos_96x96_2c.onnx,505.096,1.96984,0.0019651,0.00197542,24
fcos/fcos_384x512_2c.onnx,159.02,6.27621,0.00625792,0.00630188,24
fcos/fcos_256x256_2c.onnx,278.253,3.58306,0.00357297,0.00358758,24
fcos/fcos_192x192_2c.onnx,358.513,2.77912,0.0027733,0.0027834,24
fcos/fcos_480x480_2c.onnx,142.04,7.02763,0.00700637,0.00706054,25
fcos/fcos_224x224_2c.onnx,315.384,3.16005,0.00315429,0.00316237,24
fcos/fcos_640x640_2c.onnx,96.7681,10.3193,0.0102965,0.0103653,49
fcos/fcos_384x384_2c.onnx,190.351,5.24204,0.00522317,0.00526059,24
