Model,Inferences_Per_Sec,Avg_Latency_ms,P50_s,P90_s,Avg_CPU_Percent
fixedpose/fixedpose_448x448_8k.onnx,750.965,1.31934,0.00130791,0.0013536,49
fixedpose/fixedpose_448x448_20k.onnx,294.656,3.38004,0.00337861,0.00341027,49
fixedpose/fixedpose_640x640_20k.onnx,146.08,6.83012,0.00682918,0.00687228,49
fixedpose/fixedpose_1280x1280_20k.onnx,36.8196,27.1456,0.0271431,0.0273184,49
fixedpose/fixedpose_448x448_14k.onnx,415.067,2.39514,0.00239684,0.00242595,49
fixedpose/fixedpose_112x112_20k.onnx,3020.53,0.323558,0.000322302,0.000327582,50
fixedpose/fixedpose_112x112_14k.onnx,2776.7,0.352247,0.000351342,0.000353572,50
fixedpose/fixedpose_640x640_8k.onnx,355.449,2.79926,0.00280012,0.00283193,49
fixedpose/fixedpose_224x224_20k.onnx,1358.06,0.726669,0.000719944,0.000751474,49
fixedpose/fixedpose_1280x1280_8k.onnx,89.4447,11.1662,0.0111619,0.0112486,50
fixedpose/fixedpose_896x896_14k.onnx,98.1997,10.169,0.0101604,0.0102271,49
fixedpose/fixedpose_640x640_14k.onnx,200.445,4.97311,0.004965,0.00502086,49
fixedpose/fixedpose_1600x1600_14k.onnx,33.2231,30.0851,0.0300655,0.0303223,49
fixedpose/fixedpose_112x112_8k.onnx,3751.9,0.258912,0.000258002,0.000260622,25
fixedpose/fixedpose_1600x1600_8k.onnx,57.7136,17.3126,0.0173054,0.0174418,49
fixedpose/fixedpose_1280x1280_14k.onnx,51.3303,19.4678,0.0194559,0.0196196,49
fixedpose/fixedpose_896x896_20k.onnx,70.6384,14.1423,0.0141295,0.0142549,49
fixedpose/fixedpose_896x896_8k.onnx,170.6,5.84666,0.00584238,0.00589967,49
fixedpose/fixedpose_1600x1600_20k.onnx,23.6164,42.3297,0.0423315,0.0426339,49
fixedpose/fixedpose_224x224_8k.onnx,2820.45,0.347272,0.000346112,0.000351592,49
fixedpose/fixedpose_224x224_14k.onnx,1898.23,0.518956,0.000516843,0.000528093,49
