Model,Inferences_Per_Sec,Avg_Latency_ms,P50_s,P90_s,Avg_CPU_Percent
mobilepose/mobilepose_112x112_8k.onnx,51.9676,19.2287,0.0192261,0.0192783,49
mobilepose/mobilepose_640x640_20k.onnx,2.45606,407.14,0.406961,0.407285,49
mobilepose/mobilepose_896x896_20k.onnx,1.24105,805.753,0.8053,0.806143,49
mobilepose/mobilepose_640x640_14k.onnx,2.4596,406.558,0.406441,0.406638,49
mobilepose/mobilepose_1280x1280_20k.onnx,0.611486,1635.34,1.63428,1.63495,49
mobilepose/mobilepose_1280x1280_8k.onnx,0.618281,1617.37,1.61629,1.6167,49
mobilepose/mobilepose_448x448_20k.onnx,4.94749,202.108,0.20203,0.202212,49
mobilepose/mobilepose_224x224_14k.onnx,17.775,56.2477,0.0562383,0.0563319,50
mobilepose/mobilepose_1600x1600_20k.onnx,0.390574,2560.32,2.55672,2.58318,49
mobilepose/mobilepose_224x224_8k.onnx,17.9815,55.6015,0.0555715,0.0556862,49
mobilepose/mobilepose_448x448_8k.onnx,5.02812,198.869,0.198816,0.199016,49
mobilepose/mobilepose_1600x1600_8k.onnx,0.399237,2504.76,2.5013,2.52891,49
mobilepose/mobilepose_112x112_20k.onnx,50.8146,19.6655,0.0196574,0.019709,49
mobilepose/mobilepose_448x448_14k.onnx,4.9801,200.786,0.200762,0.200897,49
mobilepose/mobilepose_1600x1600_14k.onnx,0.393678,2540.13,2.53656,2.56507,49
mobilepose/mobilepose_1280x1280_14k.onnx,0.614838,1626.43,1.6254,1.62573,49
mobilepose/mobilepose_224x224_20k.onnx,17.5897,56.8402,0.0568328,0.0569309,49
mobilepose/mobilepose_112x112_14k.onnx,51.3539,19.4589,0.0194509,0.0195041,49
mobilepose/mobilepose_640x640_8k.onnx,2.50317,399.481,0.399306,0.399928,49
mobilepose/mobilepose_896x896_8k.onnx,1.27066,786.978,0.786687,0.786934,49
mobilepose/mobilepose_896x896_14k.onnx,1.26784,788.73,0.78822,0.789875,49
